948 1
22641 2
2482 3
2604 4
21638 5
15262 6
8260 7
23429 8
6219 9
7218 10
11715 11
7057 12
30342 13
2251 14
29168 15
24562 16
3887 17
4661 18
25216 19
22229 20
17167 21
14073 22
5543 23
6376 24
19387 25
754 26
7435 27
7052 28
25819 29
11072 30
25526 31
9952 32
30699 33
10791 34
2860 35
13507 36
17147 37
3678 38
195 39
9247 40
7934 41
31842 42
9289 43
22482 44
16804 45
5023 46
20278 47
16324 48
110 49
2608 50
836 51
11210 52
3150 53
4743 54
15196 55
18606 56
13562 57
10231 58
31750 59
7293 60
1635 61
9247 62
13545 63
24755 64
13655 65
1103 66
12924 67
17772 68
28212 69
22952 70
21304 71
9528 72
9305 73
4374 74
31325 75
16823 76
3191 77
11424 78
26873 79
24023 80
11028 81
19564 82
26478 83
16240 84
1453 85
27692 86
28047 87
5946 88
13183 89
32159 90
3109 91
11412 92
21275 93
21610 94
7555 95
18419 96
31308 97
20375 98
31588 99
3186 100
24118 101
20073 102
1746 103
27269 104
5646 105
13584 106
31710 107
2190 108
24913 109
26346 110
24607 111
25892 112
15324 113
5368 114
22227 115
2337 116
7529 117
13325 118
32203 119
17892 120
20278 121
4050 122
24129 123
18496 124
16019 125
20804 126
30423 127
20856 128
22192 129
3968 130
31017 131
9381 132
7234 133
1706 134
15180 135
21686 136
16115 137
7113 138
32414 139
4720 140
12838 141
2658 142
19848 143
28419 144
29161 145
19318 146
32755 147
25748 148
1585 149
6559 150
26763 151
9961 152
25694 153
32614 154
23998 155
14881 156
27729 157
1520 158
32601 159
25784 160
3686 161
4831 162
17307 163
5810 164
7798 165
10512 166
31968 167
8307 168
22783 1
22348 2
16484 3
31924 4
9222 5
7825 6
32413 7
9972 8
26503 9
25611 10
19349 11
10522 12
10333 13
3062 14
25639 15
25031 16
24780 17
6466 18
25166 19
4156 20
22613 21
21704 22
9868 23
21376 24
6626 25
21820 26
27632 27
24727 28
2872 29
6799 30
21355 31
20512 32
773 33
17900 34
7525 35
26844 36
31437 37
17473 38
11794 39
12818 40
26994 41
20618 42
11452 43
9542 44
7704 45
18078 46
26126 47
24065 48
20437 49
17778 50
16344 51
7328 52
24664 53
16357 54
30598 55
7434 56
4047 57
260 58
19745 59
22735 60
15668 61
25990 62
8932 63
31185 64
31933 65
26640 66
18486 67
30148 68
27607 69
8214 70
11326 71
28798 72
8021 73
22256 74
27822 75
20260 76
28338 77
8013 78
18946 79
30033 80
22080 81
24151 82
22262 83
24431 84
16076 85
28945 86
24283 87
21863 88
8961 89
25959 90
6914 91
30166 92
23494 93
27606 94
27650 95
11591 96
24123 97
10410 98
25374 99
8381 100
128 101
2703 102
685 103
18612 104
18384 105
26665 106
115 107
14687 108
17776 109
853 110
5984 111
18051 112
26365 113
15721 114
25685 115
10864 116
31779 117
31975 118
28071 119
14788 120
18314 121
24868 122
19370 123
12495 124
7451 125
4549 126
15192 127
18945 128
11509 129
9987 130
3204 131
144 132
12115 133
13490 134
23251 135
10026 136
1636 137
19711 138
9393 139
6822 140
26239 141
15392 142
4856 143
319 144
7218 145
22056 146
1802 147
18318 148
32485 149
11488 150
17454 151
26266 152
12943 153
29971 154
29943 155
15568 156
18569 157
14493 158
26919 159
10866 160
25683 161
9843 162
2523 163
14450 164
31126 165
5609 166
12201 167
11418 168
7853 1
7029 2
23850 3
26776 4
4808 5
18374 6
3949 7
20388 8
30298 9
18673 10
8660 11
7958 12
5806 13
13442 14
27991 15
5015 16
21071 17
1268 18
32391 19
29336 20
6664 21
20890 22
11043 23
16740 24
17399 25
23176 26
19382 27
24785 28
29857 29
17081 30
14168 31
17190 32
6028 33
2014 34
16361 35
1420 36
22427 37
20674 38
17971 39
3285 40
5814 41
13693 42
30656 43
32532 44
14768 45
9471 46
9662 47
7211 48
5715 49
21799 50
8749 51
31251 52
4925 53
14939 54
2308 55
2283 56
19922 57
21986 58
15512 59
23283 60
11662 61
25374 62
31103 63
21913 64
722 65
22781 66
2467 67
30465 68
2494 69
28592 70
13369 71
20374 72
8181 73
21080 74
20914 75
20153 76
12698 77
14000 78
13441 79
14151 80
19162 81
21175 82
17226 83
22012 84
17820 85
12898 86
793 87
13997 88
28641 89
15003 90
28945 91
23450 92
1241 93
26233 94
23614 95
6053 96
2761 97
25393 98
27960 99
14785 100
21861 101
31815 102
22776 103
10028 104
28240 105
6558 106
890 107
3743 108
17733 109
2515 110
16699 111
24792 112
24580 113
25540 114
5800 115
9635 116
16561 117
27091 118
19307 119
12122 120
24934 121
16934 122
2293 123
20381 124
4724 125
18241 126
21936 127
28938 128
9530 129
11955 130
13854 131
11148 132
10065 133
32186 134
4750 135
357 136
23023 137
30319 138
7498 139
4243 140
17449 141
5748 142
16238 143
9239 144
15927 145
27207 146
5073 147
15734 148
23893 149
12607 150
25509 151
910 152
11636 153
17242 154
5717 155
31429 156
28946 157
5216 158
30868 159
23993 160
23490 161
25163 162
19535 163
936 164
16748 165
18841 166
12682 167
31168 168
15544 1
31764 2
8047 3
12440 4
27762 5
13715 6
22390 7
10250 8
23694 9
29478 10
30717 11
1572 12
17227 13
5962 14
4086 15
30229 16
26815 17
23107 18
8380 19
13283 20
15279 21
21340 22
25541 23
18051 24
6630 25
19271 26
30928 27
27809 28
27435 29
30190 30
11377 31
1675 32
24091 33
25272 34
20807 35
17315 36
18487 37
27895 38
8547 39
7102 40
6801 41
25785 42
24919 43
13894 44
19792 45
24216 46
3379 47
12771 48
29277 49
26907 50
11145 51
985 52
21167 53
15352 54
15806 55
24405 56
5414 57
16002 58
32276 59
30966 60
32396 61
20531 62
30093 63
18379 64
11577 65
9346 66
86 67
18765 68
6380 69
412 70
23313 71
32564 72
31293 73
31651 74
10877 75
12130 76
30188 77
3641 78
7731 79
30861 80
15948 81
14517 82
18103 83
14143 84
10343 85
17861 86
22614 87
21510 88
6682 89
24760 90
5702 91
32122 92
31126 93
3660 94
18141 95
32519 96
29223 97
14428 98
17086 99
27950 100
6206 101
18875 102
21873 103
13576 104
27370 105
28788 106
9991 107
24160 108
19417 109
20233 110
3622 111
1724 112
20578 113
10895 114
20098 115
23990 116
5033 117
28965 118
31676 119
13651 120
14812 121
25929 122
16620 123
26121 124
7755 125
31759 126
32677 127
27344 128
14534 129
30603 130
6391 131
23703 132
23949 133
3529 134
20246 135
22766 136
11366 137
2422 138
21080 139
27188 140
22512 141
8904 142
9920 143
18371 144
8793 145
17410 146
2344 147
16786 148
30587 149
30217 150
29988 151
19379 152
7663 153
26638 154
18779 155
18121 156
1696 157
9888 158
3143 159
16876 160
2593 161
13036 162
29615 163
10691 164
25026 165
19274 166
3222 167
3910 168
8983 1
29403 2
4975 3
28349 4
30036 5
1270 6
22652 7
20352 8
5873 9
26587 10
548 11
15667 12
8076 13
21385 14
26719 15
27063 16
28403 17
10583 18
17666 19
12652 20
26820 21
11801 22
7020 23
21811 24
7478 25
22388 26
16281 27
28061 28
32766 29
32504 30
26258 31
9138 32
13250 33
1541 34
27454 35
19870 36
17878 37
30920 38
20326 39
17986 40
21360 41
27277 42
2542 43
2881 44
2798 45
9443 46
15267 47
22307 48
21396 49
12746 50
32370 51
7190 52
27821 53
28125 54
1524 55
27200 56
19127 57
28404 58
31137 59
25123 60
4269 61
25951 62
17143 63
30054 64
3389 65
17033 66
18776 67
12900 68
454 69
4734 70
17713 71
20241 72
494 73
24774 74
32295 75
26760 76
27431 77
22399 78
25380 79
23137 80
21985 81
13604 82
23726 83
10203 84
23136 85
2442 86
31871 87
2860 88
8324 89
25462 90
31019 91
2581 92
7803 93
16689 94
10125 95
10529 96
16790 97
551 98
1486 99
13942 100
3512 101
19236 102
13095 103
194 104
29927 105
27556 106
4352 107
6603 108
28972 109
9958 110
26681 111
7346 112
8806 113
29529 114
5840 115
17902 116
6854 117
27057 118
337 119
8731 120
14477 121
29000 122
27324 123
32094 124
23890 125
19158 126
19271 127
21824 128
24842 129
23286 130
25395 131
24882 132
6992 133
23371 134
9460 135
11139 136
21082 137
10682 138
8591 139
18964 140
5186 141
1499 142
3986 143
25769 144
14937 145
25668 146
12849 147
21019 148
27467 149
11588 150
25296 151
21246 152
20099 153
10055 154
17256 155
29161 156
8140 157
13960 158
19338 159
23452 160
6199 161
22740 162
30353 163
22293 164
19295 165
28025 166
19714 167
25419 168
4454 1
20269 2
14124 3
13620 4
10515 5
19666 6
3454 7
30671 8
17900 9
4870 10
8899 11
22567 12
1498 13
22487 14
30954 15
28343 16
22955 17
31208 18
9340 19
19828 20
2387 21
15565 22
28787 23
7940 24
20179 25
14140 26
17685 27
566 28
20158 29
17579 30
14500 31
20522 32
1959 33
30444 34
14878 35
18008 36
2555 37
8626 38
30404 39
7983 40
9866 41
29924 42
20148 43
21591 44
22878 45
29617 46
8975 47
551 48
1921 49
24561 50
7873 51
19890 52
8464 53
23246 54
17857 55
20410 56
4376 57
28132 58
14782 59
16487 60
28896 61
17626 62
3490 63
17094 64
9050 65
8834 66
9187 67
16513 68
30838 69
25548 70
1221 71
19597 72
253 73
1372 74
3378 75
4657 76
29698 77
23368 78
6269 79
24311 80
18297 81
30467 82
17166 83
4169 84
17934 85
3247 86
4310 87
12140 88
3031 89
1539 90
22104 91
23699 92
25395 93
20664 94
1553 95
29457 96
633 97
6639 98
25242 99
13998 100
13158 101
3434 102
22349 103
24069 104
18011 105
21290 106
17294 107
21844 108
21693 109
2494 110
29272 111
3757 112
23968 113
4298 114
303 115
3246 116
10824 117
1897 118
7931 119
9209 120
3141 121
18270 122
17542 123
5779 124
13059 125
25527 126
20009 127
14159 128
28248 129
2386 130
6986 131
16967 132
3038 133
20480 134
32408 135
19950 136
32232 137
20429 138
19308 139
23250 140
23321 141
8328 142
24045 143
17153 144
21597 145
353 146
10649 147
8892 148
11611 149
1769 150
32009 151
8206 152
17345 153
29375 154
31299 155
28419 156
24828 157
28312 158
25587 159
16903 160
11389 161
7466 162
28076 163
27788 164
1096 165
18178 166
10298 167
11674 168
